insert into Parking (mapX, mapY, width, height) values (55.533952, 28.653222, 700, 600);

--- Взять id парковки из созданной строки и поменять в строках ниже (в блокноте и нотпаде есть массовая замена текста):

insert into PriceList values ('ba09d54a-f5bb-49f8-ba88-b8cdbeac0d15', 0.5);

insert into ParkingPlaces (ParkingId, number, X, Y, width, height, Angle, ParkingPlacePath) 
	values ('ba09d54a-f5bb-49f8-ba88-b8cdbeac0d15', 1, 120, 170, 50, 100, 180, '0,35 95,35 95,70'),
	('ba09d54a-f5bb-49f8-ba88-b8cdbeac0d15', 2, 170, 170, 50, 100, 180, '0,35,145,35,145,70'),
	('ba09d54a-f5bb-49f8-ba88-b8cdbeac0d15', 3, 220, 170, 50, 100, 180, '0,35,195,35,195,70'),
	('ba09d54a-f5bb-49f8-ba88-b8cdbeac0d15', 4, 270, 170, 50, 100, 180, '0,35,245,35,245,70'),
	('ba09d54a-f5bb-49f8-ba88-b8cdbeac0d15', 5, 320, 170, 50, 100, 180, '0,35,295,35,295,70'),
	('ba09d54a-f5bb-49f8-ba88-b8cdbeac0d15', 6, 370, 170, 50, 100, 180, '0,35,345,35,345,70'),
	('ba09d54a-f5bb-49f8-ba88-b8cdbeac0d15', 7, 420, 170, 50, 100, 180, '0,35,395,35,395,70'),
	('ba09d54a-f5bb-49f8-ba88-b8cdbeac0d15', 8, 470, 170, 50, 100, 180, '0,35,445,35,445,70'),
	('ba09d54a-f5bb-49f8-ba88-b8cdbeac0d15', 9, 520, 170, 50, 100, 180, '0,35,495,35,495,70'),
	('ba09d54a-f5bb-49f8-ba88-b8cdbeac0d15', 10, 570, 170, 50, 100, 180, '0,35,545,35,545,70'),
	('ba09d54a-f5bb-49f8-ba88-b8cdbeac0d15', 11, 620, 170, 50, 100, 180, '0,35,595,35,595,70'),
	('ba09d54a-f5bb-49f8-ba88-b8cdbeac0d15', 12, 70, 170, 50,100, 0, '0,35,35,35,35,305,95,305,95,270'),
	('ba09d54a-f5bb-49f8-ba88-b8cdbeac0d15', 13, 120, 170, 50, 100, 0, '0,35,35,35,35,305,145,305,145,270'),
	('ba09d54a-f5bb-49f8-ba88-b8cdbeac0d15', 14, 170, 170, 50, 100, 0, '0,35,35,35,35,305,195,305,195,270'),
	('ba09d54a-f5bb-49f8-ba88-b8cdbeac0d15', 15, 220, 170, 50, 100, 0, '0,35,35,35,35,305,245,305,245,270'),
	('ba09d54a-f5bb-49f8-ba88-b8cdbeac0d15', 16, 270, 170, 50, 100, 0, '0,35,35,35,35,305,295,305,295,270'),
	('ba09d54a-f5bb-49f8-ba88-b8cdbeac0d15', 17, 320, 170, 50, 100, 0, '0,35,35,35,35,305,345,305,345,270'),
	('ba09d54a-f5bb-49f8-ba88-b8cdbeac0d15', 18, 370, 170, 50, 100, 0, '0,35,35,35,35,305,395,305,395,270'),
	('ba09d54a-f5bb-49f8-ba88-b8cdbeac0d15', 19, 420, 170, 50, 100, 0, '0,35,35,35,35,305,445,305,445,270'),
	('ba09d54a-f5bb-49f8-ba88-b8cdbeac0d15', 20, 470, 170, 50, 100, 0, '0,35,35,35,35,305,495,305,495,270'),
	('ba09d54a-f5bb-49f8-ba88-b8cdbeac0d15', 21, 520, 170, 50, 100, 0, '0,35,35,35,35,305,545,305,545,270'),
	('ba09d54a-f5bb-49f8-ba88-b8cdbeac0d15', 22, 570, 170, 50, 100, 0, '0,35,35,35,35,305,595,305,595,270'),
	('ba09d54a-f5bb-49f8-ba88-b8cdbeac0d15', 23, 170, 340, 50, 100, 90, '0,35,35,35,35,365,70,365'),
	('ba09d54a-f5bb-49f8-ba88-b8cdbeac0d15', 24, 170, 390, 50, 100, 90, '0,35,35,35,35,415,70,415'),
	('ba09d54a-f5bb-49f8-ba88-b8cdbeac0d15', 25, 170, 440, 50, 100, 90, '0,35,35,35,35,465,70,465'),
	('ba09d54a-f5bb-49f8-ba88-b8cdbeac0d15', 26, 170, 490, 50, 100, 90, '0,35,35,35,35,515,70,515'),
	('ba09d54a-f5bb-49f8-ba88-b8cdbeac0d15', 27, 170, 540, 50, 100, 90, '0,35,35,35,35,565,70,565'),
	('ba09d54a-f5bb-49f8-ba88-b8cdbeac0d15', 28, 170, 390, 50, 100, -90, '0,35,35,35,35,305,305,305,305,365,270,365'),
	('ba09d54a-f5bb-49f8-ba88-b8cdbeac0d15', 29, 170, 440, 50, 100, -90, '0,35,35,35,35,305,305,305,305,415,270,415'),
	('ba09d54a-f5bb-49f8-ba88-b8cdbeac0d15', 30, 170, 490, 50, 100, -90, '0,35,35,35,35,305,305,305,305,465,270,465'),
	('ba09d54a-f5bb-49f8-ba88-b8cdbeac0d15', 31, 170, 540, 50, 100, -90, '0,35,35,35,35,305,305,305,305,515,270,515'),
	('ba09d54a-f5bb-49f8-ba88-b8cdbeac0d15', 32, 170, 590, 50, 100, -90, '0,35,35,35,35,305,305,305,305,565,270,565'),
	('ba09d54a-f5bb-49f8-ba88-b8cdbeac0d15', 33, 520, 340, 50, 100, 90, '0,35,35,35,35,305,385,305,385,365,420,365'),
	('ba09d54a-f5bb-49f8-ba88-b8cdbeac0d15', 34, 520, 390, 50, 100, 90, '0,35,35,35,35,305,385,305,385,415,420,415'),
	('ba09d54a-f5bb-49f8-ba88-b8cdbeac0d15', 35, 520, 440, 50, 100, 90, '0,35,35,35,35,305,385,305,385,465,420,465'),
	('ba09d54a-f5bb-49f8-ba88-b8cdbeac0d15', 36, 520, 490, 50, 100, 90, '0,35,35,35,35,305,385,305,385,515,420,515'),
	('ba09d54a-f5bb-49f8-ba88-b8cdbeac0d15', 37, 520, 540, 50, 100, 90, '0,35,35,35,35,305,385,305,385,565,420,565'),
	('ba09d54a-f5bb-49f8-ba88-b8cdbeac0d15', 38, 520, 390, 50, 100, -90, '0,35,35,35,35,305,655,305,655,365,620,365'),
	('ba09d54a-f5bb-49f8-ba88-b8cdbeac0d15', 39, 520, 440, 50, 100, -90, '0,35,35,35,35,305,655,305,655,415,620,415'),
	('ba09d54a-f5bb-49f8-ba88-b8cdbeac0d15', 40, 520, 490, 50, 100, -90, '0,35,35,35,35,305,655,305,655,465,620,465'),
	('ba09d54a-f5bb-49f8-ba88-b8cdbeac0d15', 41, 520, 540, 50, 100, -90, '0,35,35,35,35,305,655,305,655,515,620,515'),
	('ba09d54a-f5bb-49f8-ba88-b8cdbeac0d15', 42, 520, 590, 50, 100, -90, '0,35,35,35,35,305,655,305,655,565,620,565');